x = [0,0.785,1.57,2.356,3.141,3.927,]